header
02:01:57.4957355
